[gd_scene load_steps=17 format=2]

[ext_resource path="res://Player/Player.tscn" type="PackedScene" id=1]
[ext_resource path="res://Terrain.tscn" type="PackedScene" id=2]
[ext_resource path="res://Target/Target.tscn" type="PackedScene" id=3]
[ext_resource path="res://Player/RayCast.gd" type="Script" id=4]
[ext_resource path="res://NPC/NPC.tscn" type="PackedScene" id=5]
[ext_resource path="res://NPC/NPC.gd" type="Script" id=6]
[ext_resource path="res://UI/Dialogue.gd" type="Script" id=7]
[ext_resource path="res://UI/UI.gd" type="Script" id=8]
[ext_resource path="res://Drone/Drone.tscn" type="PackedScene" id=9]
[ext_resource path="res://Player/Health.gd" type="Script" id=10]
[ext_resource path="res://Assets/goldn-116392.mp3" type="AudioStream" id=11]

[sub_resource type="SpatialMaterial" id=1]
albedo_color = Color( 1, 0, 0, 1 )
emission_enabled = true
emission = Color( 1, 0, 0, 1 )
emission_energy = 16.0
emission_operator = 0
emission_on_uv2 = false

[sub_resource type="SphereMesh" id=2]
material = SubResource( 1 )
radius = 0.5
height = 1.0

[sub_resource type="SphereShape" id=3]
radius = 5.0

[sub_resource type="StyleBoxFlat" id=4]
bg_color = Color( 0.207843, 0.32549, 0.0392157, 1 )

[sub_resource type="StyleBoxEmpty" id=5]

[node name="Game" type="Spatial"]

[node name="Player" parent="." instance=ExtResource( 1 )]
transform = Transform( -0.0228269, 0, -0.999739, 0, 1, 0, 0.999739, 0, -0.0228269, 41.3762, 0.200362, 15.9749 )
collision_layer = 2
collision_mask = 7

[node name="Pivot" type="Position3D" parent="Player"]

[node name="Camera" type="Camera" parent="Player/Pivot"]
transform = Transform( -1, -1.77636e-15, -8.74228e-08, -1.87623e-08, 0.976699, 0.214616, 8.53857e-08, 0.214616, -0.976699, 0, 4.85071, -4.28014 )

[node name="RayCast" type="RayCast" parent="Player/Pivot"]
transform = Transform( 1, 0, 0, 0, 1, 0, 0, 0, 1, 0, 3, 0 )
enabled = true
cast_to = Vector3( 0, -1, 100 )
script = ExtResource( 4 )

[node name="Reticule" type="Position3D" parent="Player/Pivot/RayCast"]
transform = Transform( 1, 0, 0, 0, 1, 0, 0, 0, 1, 0, 0, 50 )

[node name="MeshInstance" type="MeshInstance" parent="Player/Pivot/RayCast/Reticule"]
mesh = SubResource( 2 )

[node name="lowpoly_scene" parent="." instance=ExtResource( 2 )]
transform = Transform( 3, 0, 0, 0, 3, 0, 0, 0, 3, 0, 0, 0 )

[node name="Target_container" type="Spatial" parent="."]
visible = false

[node name="Target" parent="Target_container" instance=ExtResource( 3 )]
transform = Transform( 0.939693, 0, 0.34202, 0, 1, 0, -0.34202, 0, 0.939693, -27, 4, 9 )

[node name="Target2" parent="Target_container" instance=ExtResource( 3 )]
transform = Transform( 0.760859, 0.000349229, -0.648917, -0.000137299, 1, 0.000377208, 0.648917, -0.000197906, 0.760859, -13.9951, 4, -35.8296 )

[node name="Target3" parent="Target_container" instance=ExtResource( 3 )]
transform = Transform( 0.98213, 0, -0.188204, 0, 1, 0, 0.188204, 0, 0.98213, -43.6785, 3.97385, -29.5459 )

[node name="Target4" parent="Target_container" instance=ExtResource( 3 )]
transform = Transform( -0.064271, 0, -0.997932, 0, 1, 0, 0.997932, 0, -0.064271, -14.3251, 3.97385, -49.6782 )

[node name="Target5" parent="Target_container" instance=ExtResource( 3 )]
transform = Transform( 0.707107, 0, -0.707107, 0, 1, 0, 0.707107, 0, 0.707107, -63.5123, 9.38881, -54.278 )

[node name="NPC" parent="." instance=ExtResource( 5 )]
transform = Transform( 1, 0, 0, 0, 1, 0, 0, 0, 1, 39.5797, 0.566305, 1.65323 )
script = ExtResource( 6 )

[node name="Area" type="Area" parent="NPC"]
collision_layer = 2
collision_mask = 2

[node name="CollisionShape" type="CollisionShape" parent="NPC/Area"]
shape = SubResource( 3 )

[node name="UI" type="CanvasLayer" parent="."]
script = ExtResource( 8 )
healing = 0.001

[node name="Damage" type="ColorRect" parent="UI"]
anchor_right = 1.0
anchor_bottom = 1.0
color = Color( 1, 0, 0, 0 )

[node name="Background" type="ColorRect" parent="UI"]
anchor_right = 1.0
margin_bottom = 30.0
color = Color( 0, 0, 0, 0.501961 )

[node name="Score" type="Label" parent="UI"]
margin_left = 10.0
margin_right = 510.0
margin_bottom = 30.0
text = "Score:"
valign = 1

[node name="Time" type="Label" parent="UI"]
margin_left = 512.0
margin_right = 1014.0
margin_bottom = 30.0
align = 2
valign = 1

[node name="Timer" type="Timer" parent="UI"]

[node name="Dialogue" type="Control" parent="UI"]
visible = false
anchor_right = 1.0
anchor_bottom = 1.0
script = ExtResource( 7 )

[node name="Background" type="ColorRect" parent="UI/Dialogue"]
anchor_top = 1.0
anchor_right = 1.0
anchor_bottom = 1.0
margin_top = -30.0
color = Color( 0, 0, 0, 0.501961 )

[node name="Text" type="RichTextLabel" parent="UI/Dialogue"]
anchor_top = 1.0
anchor_right = 1.0
anchor_bottom = 1.0
margin_top = -20.0
margin_bottom = 10.0
bbcode_enabled = true

[node name="Health" type="ProgressBar" parent="UI"]
margin_left = 251.0
margin_right = 763.0
margin_bottom = 30.0
custom_styles/fg = SubResource( 4 )
custom_styles/bg = SubResource( 5 )
max_value = 3.0
value = 3.0
script = ExtResource( 10 )

[node name="Drone_container" type="Spatial" parent="."]

[node name="Drone" parent="Drone_container" instance=ExtResource( 9 )]
transform = Transform( 3, 0, 0, 0, 3, 0, 0, 0, 3, 0, 20, 100 )

[node name="Music" type="AudioStreamPlayer" parent="."]
stream = ExtResource( 11 )
volume_db = -15.0
autoplay = true

[connection signal="body_entered" from="NPC/Area" to="NPC" method="_on_Area_body_entered"]
[connection signal="body_exited" from="NPC/Area" to="NPC" method="_on_Area_body_exited"]
[connection signal="timeout" from="UI/Timer" to="UI" method="_on_Timer_timeout"]
